1.4895020546612167E-8 0.9998980252738482 
0.8516711446647364 -0.7733520261968387 
0.8233465068035666 -0.4585455179709721 
0.6524050534661971 -0.4582506585709033 
0.45365574146344084 -0.12418473362707536 
0.6185031466432034 -0.1260497268789913 
0.40933205765611813 0.24193811082032127 
0.2574655731352288 0.24219875284399425 
0.18230795269879188 0.6692591856700387 
0.08261056707856845 0.669701524356445 
0.18869723692749985 0.631238231320434 
0.003569789148192226 0.9399055044817839 
0.42956484087040114 5.776279505498678E-4 
0.21832841750204537 0.41388339071438895 
0.1931755690912432 0.6016144848659563 
0.4133015636407041 0.1894147050714463 
0.4218236767946631 0.08346835944315018 
0.8364909737302497 -0.6762628583169568 
0.6255243660714532 -0.24043004199812718 
0.029549669386154415 0.8044620723222686 
0.21265971036780676 0.45650546507836115 
0.4390521514251431 -0.07580351956660909 
0.4112890698968801 0.21586897980504613 
0.8320113413951256 -0.6147775449937364 
0.011240831551841857 0.8901129746800984 
7.573279363215502E-5 0.9914175590957305 
0.20458710262744895 0.5183221404673561 
0.6409796683886565 -0.41601096322861736 
0.8426286525437496 -0.7380592849089463 
0.41577888734260104 0.157445990041759 
0.024966018572570914 0.8243740764415945 
0.433385005190147 -0.033972547815871605 
0.6344324898397711 -0.356556545525898 
0.8345042825047234 -0.640737688270205 
0.19636793030520833 0.5792478865279248 
0.8298546556973735 -0.5752123144382226 
0.8465696125932969 -0.7539868486894639 
0.18295140684543765 0.6656882896587626 
0.03479008832581542 0.782597970346797 
0.428580772821613 0.02778744384342373 
0.4241262645811078 0.05721863448233029 
0.01670937123878935 0.8703880163178048 
0.07140152783266704 0.6769478496128876 
0.8395942067946174 -0.7114035602582841 
0.007559545444035948 0.9112911125953053 
0.4170809052417898 0.14097399370529856 
0.632398041961592 -0.3333622700474129 
0.8241948314645244 -0.4756714832187828 
0.19897512413837032 0.560360191407215 
0.02098533799706037 0.8423028057306796 
0.8291828162237592 -0.5686765750182353 
0.8285062853972052 -0.5331706536544742 
0.23161565744075943 0.3253465113174154 
0.44327590367767045 -0.09919696926117348 
0.24427318608852616 0.2654544673885914 
0.6230219973847114 -0.20163165478491465 
0.06286546994318776 0.6914835997594089 
0.8383413952437476 -0.6983341512439576 
0.6209588430370677 -0.1679459041961399 
0.05266119110295317 0.718093656794336 
0.23991902959713207 0.28221999989506436 
0.20722304786477114 0.49817306253343424 
0.6439734108031823 -0.4333428064270058 
0.6239734923068501 -0.21664933212582738 
0.419259706853179 0.11404216453850026 
0.22137889924912602 0.3917580130048873 
0.4255355813677899 0.0417597240189225 
0.6366562841479252 -0.37942944827995556 
0.2363352584998838 0.298980869922918 
0.6317851185520815 -0.31599683804645773 
0.05753839130771332 0.7042108058932923 
0.6188021573451563 -0.1312516352173165 
0.018198284619442673 0.8552741129192952 
0.0054109805391722166 0.925726318806138 
0.6276721675430895 -0.2717026900321785 
0.43581304208837657 -0.05325620884744812 
0.2499869343346292 0.25005589336441053 
0.2271806355630511 0.3522728112585597 
0.6204503021962386 -0.15942296173546702 
0.8265587181419716 -0.5062253741634201 
0.6294612573354768 -0.2962645124777303 
0.4190459811377176 0.1166450770118959 
0.8329520769097114 -0.6289602889225249 
0.8269571422554726 -0.5289135946593636 
0.07697445904304379 0.6716178410451603 
0.20118741961002465 0.5439871521127131 
0.8508372961390229 -0.7729327807093851 
0.4449909068608461 -0.1064332002561265 
0.6376184001106393 -0.3884796460805844 
0.21142624850771088 0.466249624407509 
0.22004176187630253 0.40136575630912014 
0.2281155920229731 0.3461120787394903 
0.6277336184621977 -0.27258486053678554 
0.23063571783658798 0.3311718127506217 
0.24758134559409237 0.25557915051971714 
0.8254205144101917 -0.4995991580769125 
0.22430175367336969 0.37132838972456184 
0.04935642441614146 0.7285128162022589 
0.2088899395351006 0.48540872686039577 
0.22431493106143033 0.37123357460951917 
