 0.9999857754034077 1.1128342369152206E-6 5.941012271874948E-8 1.2777750632502454E-8 4.701071893963148E-7 1.5778397654232061E-6 3.8096255257760684E-7 4.981560759356391E-7 5.456231424169983E-7 4.9094038039439186E-9
 0.9999857754034077 1.1128342369152206E-6 5.941012271874948E-8 1.2777750632502454E-8 4.701071893963148E-7 1.5778397654232061E-6 3.8096255257760684E-7 4.981560759356391E-7 5.456231424169983E-7 4.9094038039439186E-9
 8.696492785990405E-10 1.0505354845004358E-4 3.5745042506007583E-7 9.670206064642973E-8 1.8481071044442655E-7 1.239119281336107E-6 1.2605262014981785E-6 8.092281137111505E-7 1.5358568070203895E-7 4.1038554838781087E-7
 0.10464703105207501 2.5125687671768793E-8 8.94361649104975E-7 9.685147002597163E-9 3.169755666859778E-8 9.344576179219952E-8 2.4888245322815764E-7 3.0326619563185487E-7 1.517879992491256E-6 3.0896868457634052E-6
 0.5285679495144678 2.139352313080017E-7 2.8963982424528157E-7 4.6305066572682704E-7 1.9613314447095166E-6 2.985380732415039E-8 6.587650016809786E-7 5.215818954548957E-7 5.224317361708076E-7 1.333104349603137E-6
 0.3655591823755767 6.886115190451852E-7 1.3407992449016328E-7 2.7822666323642772E-6 2.3305331146412938E-7 1.207758876589098E-7 9.661839393866397E-7 2.708657813777369E-7 7.413359204609536E-6 5.766911802186113E-6
 0.12729708179998053 4.5366931952789103E-7 2.9004166083184915E-8 5.3988294300477E-7 1.0910101175350853E-6 4.190676033214694E-6 1.618167911906755E-7 5.03076103710269E-7 1.8901832496596759E-6 4.478533895899103E-8
 0.34251873511307646 2.3761750245169504E-6 1.3387018842162927E-6 5.4303369400161666E-6 5.217638224116154E-9 5.575653425221758E-8 8.856734529967275E-7 1.0629516448530542E-6 1.539824044584631E-6 7.850025410473572E-7
 0.4865283682217255 2.0394673777023294E-7 1.3982748258049459E-6 9.685147002597163E-9 1.9852155848766993E-6 1.5784107947754832E-7 1.6181182697032817E-7 9.359048967299463E-9 3.555285520425911E-7 8.55032543528756E-8
 0.8621428378649499 1.1128342369152206E-6 8.497706716859623E-8 3.411592103950699E-6 4.4186901382993134E-7 1.5778397654232061E-6 3.8096255257760684E-7 4.981560759356391E-7 5.456231424169983E-7 4.9094038039439186E-9
 0.8360358895302671 4.9250334081182665E-6 5.941012271874948E-8 1.787110865959894E-8 3.622954883496756E-7 1.5796144824533023E-6 3.8096255257760684E-7 4.981560759356391E-7 5.456231424169983E-7 4.9094038039439186E-9
 0.8007465560317635 8.745176080394235E-6 3.940259700833847E-7 3.9166952373752344E-6 2.211113750717096E-7 1.9301666071339187E-7 4.030973004486124E-9 5.349866594361712E-7 5.977078506416232E-6 5.275425004571102E-7
 0.4667293890869566 1.5344436885947596E-6 1.6252577804259433E-6 1.2049067271609642E-7 1.1111938100105342E-6 2.387257669940757E-6 1.908963157149547E-7 6.055618764661921E-7 8.32286863665789E-8 7.94697400151618E-8
 0.8259425599086534 2.013031803121342E-7 6.39708762476366E-8 9.685147002597163E-9 0.0036878558177958045 1.797491100198389E-7 1.5186364302592502E-7 5.220959912051483E-7 3.581557472313645E-7 2.083284650612242E-5
 0.6841653043119322 2.236043489394045E-7 1.8079212034434497E-6 1.1301437654298464E-7 5.682266403972201E-7 6.597078469476246E-8 3.272238645891641E-7 1.235255105318076E-5 6.23664389068004E-7 1.3259498814515648E-6
 0.18998181971136355 2.7704735435619E-6 2.59929478338772E-7 1.1446752397523E-5 2.3545906015912345E-7 5.521590318628432E-7 1.3307847384077908E-8 7.685434616083832E-7 3.947200639314686E-7 2.696555359103034E-6
 0.8771513091369973 2.6285339285084495E-6 3.9082370499252096E-7 6.190230933031765E-8 1.8975410411558254E-6 3.592675971580862E-8 7.498772161758459E-8 1.6811979871018075E-7 3.296281242736229E-7 5.292177349236565E-7
 0.262774421973524 3.7702136393377234E-7 3.0923501404943676E-6 4.039099760485903E-6 6.751566158389222E-7 1.2506666228791558E-6 3.4441419896851026E-8 2.0076063611229178E-7 1.1691751356134224E-6 4.572395117874427E-7
 0.45476430487566316 2.600643120104168E-6 1.3366137980769118E-6 1.4479311907097427E-8 6.884148133725789E-7 1.4288002673103952E-8 6.494904091717788E-9 2.8916808928884585E-7 3.929656920907011E-8 8.06811081678532E-7
 0.38009347760959067 2.099351242136542E-6 2.30918723777672E-7 1.8061324950801786E-7 6.600459788016907E-6 2.7072116791988632E-6 3.646709303998098E-7 5.148106276843773E-7 8.126241678372901E-7 4.4167930935254036E-8
 0.9317380362241234 2.4377922641589945E-6 3.1861388854368767E-7 2.758454222226535E-6 1.948187170298967E-9 8.129831683588957E-8 1.0761644275110662E-7 2.6475889566531533E-7 5.126127533419116E-7 8.978493232645576E-8
 0.0921572050638822 0.002550456325576749 1.627483526000945E-6 5.427076043238353E-8 2.2621426812479685E-6 3.872211057218569E-7 1.3649953745664766E-7 3.12931677519029E-7 7.738036414283071E-8 5.9274452066300105E-8
 0.022835547794710004 1.5210701334000248E-6 1.336992043165199E-6 2.023116710633433E-6 1.9611822869544726E-6 1.6263605944936816E-7 8.443121539854778E-7 6.152279815272293E-7 2.0706015528034716E-6 3.528849178925662E-7
 0.8971130934973638 3.2052373127910873E-8 6.286008175354368E-7 1.3630340713253008E-6 1.4314364936673572E-7 1.2401251267599848E-7 3.297987411665462E-7 1.068052360536187E-6 0.0015931757094443607 1.7706079128149663E-6
 0.2388243170388218 1.7377107840989009E-6 1.4143017585230056E-7 1.427742182135439E-6 5.992864060572505E-6 6.638936672332532E-8 8.665646759117464E-7 2.4613850722011045E-7 1.9515424468139172E-7 5.010355382687479E-7
 0.7004851156993948 3.806997926098986E-7 5.941012271874948E-8 1.2777750632502454E-8 4.701071893963148E-7 1.5778397654232061E-6 3.7891823832579436E-7 2.2715528789420602E-6 5.456231424169983E-7 4.9094038039439186E-9
 0.21957376625764186 2.7005606447566816E-6 3.1221260453069657E-7 3.6403311099080014E-4 4.68180616230871E-7 2.2048224026028513E-6 3.7955697517698254E-7 2.374205003784532E-6 5.866063783657894E-7 5.8452724875520656E-8
 0.0025944282023414433 2.9709372416560813E-6 1.1688127991806871E-7 2.502895477920701E-7 4.706017429280663E-7 1.198382471752696E-7 2.4027772034351688E-9 1.200077945859468E-5 3.31679958918888E-7 3.1634872223325272E-6
 0.015479684967681713 6.259292978164592E-6 1.9533542260850023E-6 7.143295292838068E-9 7.520925407137568E-7 1.0704514301006249E-7 4.62122233850642E-8 2.307324791241039E-6 2.3222124187504533E-6 2.3079353938342557E-7
 0.39121480651170654 2.724329350359598E-8 1.8281887837946713E-6 1.5719255874178006E-8 4.69042686194785E-7 2.533833595468882E-7 4.989908185278231E-8 8.783339477643601E-7 8.132288616595571E-7 3.0297465806028617E-7
 0.5056365541221427 8.424391552996243E-6 1.2466494010698045E-9 5.1901449200665967E-8 6.058046451332112E-7 1.5817203587174928E-6 4.1404255834278606E-8 3.6580022938326953E-6 8.58065576438515E-8 2.3576858689105204E-9
 0.2801787499117785 2.7951634827886133E-6 2.9984301419181616E-7 3.634316525321531E-4 7.557561348207274E-7 3.79464774209081E-7 1.7686268854478027E-7 6.120839177101214E-7 2.8057685970757355E-7 1.454824549647482E-7
 0.0462449328733337 1.7948456763370575E-7 1.5086502903199806E-6 5.3988294300477E-7 3.272225279626164E-8 7.935940219535449E-7 2.0265011525510258E-6 2.337812476383522E-6 1.8181872121758305E-6 4.5934819606390224E-8
 0.029786952078877216 2.1669012723397245E-6 1.3945483047380978E-6 1.705423502492457E-6 3.5281892976424076E-7 3.9762322037893116E-8 7.426180898689301E-8 6.350115937360071E-7 1.0167612997205123E-8 9.379205900231171E-8
 0.772114952980269 5.089364720910582E-6 2.534756964644265E-7 1.527383743749518E-6 5.992864060572505E-6 1.6793185956220323E-7 3.8969115696836E-8 5.257952248335788E-7 9.856744008389548E-10 7.615472693952227E-9
 0.41509324336292175 4.7403641076690255E-7 1.6512741032854596E-6 1.1891866906615177E-6 1.9541937966434577E-6 2.326215074161919E-6 5.512671200680827E-8 2.9126818517118766E-7 9.364274033257083E-8 2.3162941203673597E-8
 0.7322332034270803 2.216075052009081E-7 2.8963982424528157E-7 4.6305066572682704E-7 1.9613314447095166E-6 2.985380732415039E-8 6.683579710964238E-7 5.215818954548957E-7 5.224317361708076E-7 1.333104349603137E-6
 0.4266021219102364 2.456629721289261E-6 1.2914314804398984E-6 3.9704768091749364E-6 2.315157684904768E-6 1.2648916744394551E-6 4.912293638161937E-8 6.773356592731537E-5 1.6960693654678441E-6 3.466252243650344E-6
 0.7432171163586521 1.2975718150065524E-8 2.257000856878308E-6 2.1262869779950307E-7 1.9605179940173646E-6 4.271722289077472E-8 2.99513283692757E-7 5.229722948052959E-7 2.012745898296466E-6 1.271009952565219E-6
 0.0350147842926976 5.272756492334041E-6 2.8824088810285207E-7 2.264016180941477E-7 1.9758072106608575E-6 1.1611684299291772E-4 8.807615067487672E-8 2.3761409370574963E-6 1.0588865008428328E-6 1.271198155524006E-7
 0.0771992114482738 2.0387905799279966E-7 1.884399724543576E-7 1.7545587761880917E-7 5.997800926829525E-5 2.058727604263977E-6 5.911837466613667E-10 8.774614648027096E-7 3.9152084190832185E-7 3.042197116366253E-7
 0.5477124657424247 1.0035405289118609E-6 8.760512807849682E-7 5.295346673248348E-6 3.980296206601687E-9 3.715131799518092E-6 3.494216303018464E-7 6.107041536634485E-7 6.172630033819037E-7 3.5374133950438396E-7
 0.2953437253716079 1.2293117891822419E-5 3.496871115742275E-8 1.098190146179327E-7 2.2702095563352246E-7 9.871544536018056E-8 3.8096255257760684E-7 1.229565524384814E-5 2.1791069297398828E-7 4.999473271664156E-7
 0.9122186287211185 9.562076461619686E-7 6.071207326801412E-7 5.288979965616837E-8 2.3526091253620225E-7 4.440091410101256E-6 6.833087719381946E-9 4.382743873719653E-7 4.413915639601955E-9 3.0657562607143246E-7
 0.7195036989745278 9.565794028991067E-9 2.30223318067167E-6 4.160802164020509E-6 2.2675452364211364E-6 2.766502488085575E-8 2.9596717164883955E-7 2.5615324531825007E-7 2.556568246453884E-6 2.227200857929307E-9
 0.054948470926221404 1.6853215549751594E-7 1.5086502903199806E-6 1.7959428317549978E-8 1.8448537926114024E-6 7.935940219535449E-7 2.0265011525510258E-6 2.286762959094151E-6 1.8181872121758305E-6 2.92035821181832E-8
 0.5046004342995759 2.40865225137521E-6 1.3235940306364035E-7 6.6000700303922E-7 4.596323741467242E-8 6.3632716439286666E-9 3.025215281111594E-7 4.242751998844678E-7 2.5940514270562103E-7 3.6253729387217563E-7
 0.0600214969716894 8.745176080394235E-6 3.940259700833847E-7 3.939588136042829E-6 4.427026931475275E-8 1.9301666071339187E-7 3.2301505960994876E-9 5.349866594361712E-7 5.977078506416232E-6 2.465280077229864E-8
 0.43919632018835547 6.846576594780332E-7 1.775667350479657E-7 2.77159674658908E-6 7.045150046736326E-7 1.207758876589098E-7 8.774435433298194E-7 2.708657813777369E-7 7.413359204609536E-6 5.766911802186113E-6
 0.7586788969726872 1.2416359211702816E-7 1.3364215937279417E-6 8.486944728550563E-8 6.214481360599025E-7 0.008484923087674331 1.201316926789389E-7 1.6821289017259784E-8 1.5998484830427503E-7 2.5322452496941067E-8
 0.6387002715343223 1.7734451501727468E-6 3.5656299557112035E-7 5.456765464381679E-7 3.3618292794315156E-8 2.587637481591561E-7 2.2521455054247453E-7 3.5856912615075923E-6 1.5196120580957295E-6 3.5543083824617934E-8
 0.6105663507556887 9.628630804722714E-5 5.337644099050802E-7 0.001464739839795589 6.806206107592653E-6 4.96750847469533E-8 1.100774610298425E-7 1.197909325229334E-8 2.109348938121163E-6 4.385316444017781E-7
 0.330067571272324 3.911542966804529E-8 3.1834676011368303E-10 5.160065179295023E-7 4.1751999774637455E-7 4.013330679209676E-8 2.079353416357892E-9 4.370559607156891E-9 1.260588797122053E-6 5.362406295777659E-7
 0.7111841065501485 3.821135430778213E-7 1.2669878025447804E-7 1.029305181598484E-6 1.3429862716804326E-7 9.301217927942048E-7 1.2786793355258849E-6 2.2802463038900725E-6 1.308671624614565E-6 1.6899315011380115E-7
 0.5738305076419817 1.111334366459867E-6 5.8875961919997895E-8 2.3270672402621837E-6 1.2281744610532795E-7 2.419693201535517E-4 1.6735994840745848E-7 2.2801363183869206E-6 7.558120535630482E-6 7.929091388004036E-8
 0.005307749143503987 2.724329350359598E-8 1.8241068927939605E-6 9.567329513692606E-8 1.1848800802021002E-7 1.2263800587177557E-6 1.2108842150071804E-6 8.783339477643601E-7 3.643824130954241E-7 3.02712314477628E-7
 0.6177916186280501 3.9406591238130105E-6 5.337644099050802E-7 0.0014567819313774438 1.9697711179847015E-6 5.3674580617063655E-8 8.506827594205556E-9 2.422791268132497E-6 2.109348938121163E-6 4.385316444017781E-7
 0.28256538980724344 2.099351242136542E-6 1.7502225022710835E-6 6.508165593968703E-6 1.946911262681246E-6 2.707272379326599E-6 5.126863908196906E-7 2.144327423455134E-8 2.0955535638672534E-5 1.3258891051680707E-6
 0.0011779693697419394 1.514709576044036E-6 1.4035339338326825E-6 1.3519314099751088E-7 1.980390228495838E-6 6.162756183245759E-6 1.0938348793137402E-7 2.8062116141374596E-7 6.424588294141666E-7 6.486638129977504E-10
 0.08398371628087815 4.747803304568493E-6 4.994256980338061E-7 2.3207058527509427E-7 2.223865525893023E-7 2.7011509394287957E-8 7.499002482599915E-8 0.006742477420721755 1.080524152879677E-6 1.282692965223588E-7
 0.5643655327509907 1.1264039854689398E-6 9.932162365337435E-8 4.2703042481025725E-7 4.489978608228194E-7 3.822905998538811E-6 2.064989818796891E-8 2.2903912556636044E-6 8.0276598989631E-6 1.7098414055686773E-6
 0.03974884601086631 2.6285339285084495E-6 1.381074509076729E-6 1.1014718303745487E-6 1.9218985929781623E-6 3.9762322037893116E-8 7.498772161758459E-8 4.281855544185415E-7 4.114014974575583E-7 8.69215545368618E-6
 0.19636314339055122 3.398269984042105E-7 3.000015990280161E-7 9.670206064642973E-8 1.951426697737923E-6 1.239119281336107E-6 1.2605262014981785E-6 8.148954638912608E-7 1.7105235640500926E-7 3.8838331960040936E-7
 0.027612119038610106 5.516526661054291E-6 1.3917228435165835E-6 1.703326216623028E-6 2.0248707947724843E-8 0.010717768981781846 1.1155489694088482E-7 7.84780054265865E-7 1.0934426646452832E-6 3.518658988178563E-7
 0.06900058757654187 3.817564293393306E-8 1.5780727428648355E-5 3.999723720116413E-6 2.6566101819195445E-8 5.62501581181865E-7 3.6526584220917065E-8 7.733225114296142E-7 5.965888892044985E-6 4.355609457644231E-7
 0.549859941925892 1.0035405289118609E-6 6.330182060768158E-8 5.295346673248348E-6 2.231051758363847E-6 3.715131799518092E-6 3.494216303018464E-7 5.961639770080049E-7 6.187190080734306E-7 8.4542043578503E-9
 0.1731425066972855 2.139352313080017E-7 2.8963982424528157E-7 5.892583790661426E-7 1.020590045817963E-6 1.8983398690418814E-7 0.004738517678965151 5.186054960547227E-7 1.07716674599829E-6 1.333104349603137E-6
 0.15340434569515624 1.7535052537297419E-6 1.3562430420553666E-6 2.021228169819859E-6 1.348898405198317E-7 5.5966513958277405E-8 2.9911589134744E-7 1.0377199504004242E-6 2.0606838007108763E-6 1.8154734684904352E-6
 0.0673474578485433 1.4064180258426505E-5 1.65156575772886E-5 3.287315921810238E-7 3.2505336726732034E-8 3.00805427642192E-6 9.949335470314787E-8 7.733225114296142E-7 1.271213234754256E-7 4.0953653217528226E-7
 0.3109262558427814 3.5129848286921264E-7 3.000015990280161E-7 1.1334813613813883E-7 1.951426697737923E-6 1.2351296875984968E-6 1.2605262014981785E-6 8.148954638912608E-7 1.7334917957294382E-7 3.8838331960040936E-7
 0.5856030284007578 6.082321964643264E-8 6.31815561431637E-8 5.337330567303577E-7 9.493161729888691E-6 2.4121991967252648E-4 1.6488899203111156E-9 1.3601675128576429E-8 8.180310399625766E-6 4.0474062221687907E-7
 0.5983511714083252 2.637483860982123E-8 5.877018436648912E-8 5.337330567303577E-7 7.557039390619336E-7 2.4121991967252648E-4 1.1729039306285345E-7 4.847353081253064E-7 8.180310399625766E-6 4.0474062221687907E-7
 0.7633082285342261 1.3935185740950215E-6 1.0549958176321231E-7 2.0580280516268872E-6 4.696038586741691E-8 1.1255714145088067E-7 7.545626118251676E-8 6.021862962492336E-7 4.6137853686241E-7 7.935009852424418E-7
 0.6564999515495521 0.00875455783803199 8.56907329052517E-9 1.223792451697737E-6 3.868720555202921E-7 1.5266664482002564E-6 3.861375138394119E-7 7.593029392644304E-7 8.58065576438515E-8 4.9050937951825986E-9
 0.9727236459625181 1.121366391881783E-6 1.3218261142381237E-6 1.5649914037849536E-6 7.020795916241172E-7 1.5285003836741358E-6 2.4227971305052826E-8 6.119360973807619E-7 4.1909838012025495E-7 9.04743242288664E-6
 0.08778805322593547 1.1128342369152206E-6 1.6201034697109886E-6 1.2777750632502454E-8 4.701071893963148E-7 1.5778397654232061E-6 9.972295851992622E-8 1.3496165757095432E-7 5.327854360091036E-7 4.9094038039439186E-9
 0.011602270569125994 8.745176080394235E-6 3.9425460955931583E-7 3.88936399147029E-6 2.226952744725508E-7 1.6922900526690154E-7 1.2391314858253107E-6 5.349866594361712E-7 1.9045803360410923E-7 5.275425004571102E-7
 0.4029308700769929 2.3199403154573625E-7 1.3711341321522576E-6 5.7303500948856E-8 2.267625884921567E-6 3.814635385299804E-7 2.943250020667884E-7 7.702398776104214E-7 1.0948986693367973E-6 2.1691353193874224E-9
 0.9830390855532924 1.1218521049889725E-6 5.941012271874948E-8 1.2777750632502454E-8 4.701071893963148E-7 3.0734977939162095E-6 3.3886562510940984E-8 6.330945863161182E-7 5.456231424169983E-7 2.3619958776804703E-9
 0.1324523512898385 2.8649932790529264E-7 9.029873620478838E-7 2.3207058527509427E-7 2.223865525893023E-7 4.087327743228781E-6 7.792036272979553E-8 1.0555150043680105E-9 1.080524152879677E-6 1.271198155524006E-7
 0.7873980376452644 1.755308455200493E-7 1.5529204540080513E-6 5.065325938625391E-7 6.81028822240774E-7 7.935940219535449E-7 9.123410374030442E-7 2.337812476383522E-6 1.8181872121758305E-6 5.507194945041943E-7
 2.8505472465619776E-4 2.5874859205530134E-7 5.914235793268959E-8 1.029305181598484E-6 1.7279615556250144E-7 7.366289364282431E-8 1.1852147637918424E-6 1.1601300881077555E-6 3.15865582186446E-8 7.660815483982317E-8
 0.2554632602707356 1.12385203454174E-6 1.3373981014339768E-6 4.049087007220852E-6 5.561302276963618E-7 1.5285003836741358E-6 2.4227971305052826E-8 6.119360973807619E-7 1.165085865371672E-6 1.80963250590589E-6
 0.14005849327197217 5.4985401902562E-6 2.019974481874964E-6 7.143295292838068E-9 7.52670687036802E-7 2.2896342463652038E-6 3.735280352795435E-7 2.307324791241039E-6 2.127376457154916E-6 5.998701919283476E-8
 0.9893370463603531 1.1128342369152206E-6 6.324778763562743E-8 1.2777750632502454E-8 4.701071893963148E-7 1.5778397654232061E-6 3.7860352741466593E-7 2.892159899893319E-8 5.456231424169983E-7 4.9094038039439186E-9
 0.6480267342164521 1.7473364233060856E-6 3.5656299557112035E-7 2.1396959898158797E-8 2.246373794311669E-6 2.587637481591561E-7 3.1773962535759084E-8 1.3658283387622126E-7 1.5196120580957295E-6 3.552106467870324E-8
 0.148075557338878 4.9250334081182665E-6 2.0226562424499647E-6 1.791964140882988E-8 3.737646566532147E-7 1.6014016490584037E-6 3.734832304082584E-7 2.135866908794732E-7 5.456231424169983E-7 4.9094038039439186E-9
 0.3175203361927983 9.628630804722714E-5 3.0489330065445586E-9 6.284163906406315E-6 6.6798233944743375E-6 3.3697560433744006E-8 1.100774610298425E-7 2.422791268132497E-6 2.109348938121163E-6 4.27295770644347E-7
 0.4362600678759204 4.7403641076690255E-7 1.7433246105368885E-6 9.531478724679262E-7 3.803870114978715E-8 2.611204674618395E-7 5.521845089831767E-8 2.9126818517118766E-7 5.840011764660582E-6 3.026318964706842E-7
 0.043104025174373006 8.745176080394235E-6 3.935161244523042E-7 3.939588136042829E-6 4.427026931475275E-8 8.764784992568255E-8 3.2301505960994876E-9 5.940837307240088E-7 5.9112404080436225E-6 2.465280077229864E-8
 0.40536641465110146 8.035843449641456E-7 1.5234899204306406E-7 2.77159674658908E-6 2.2370153638969989E-7 1.207758876589098E-7 1.0826569088736165E-7 5.1077633108664085E-5 7.413359204609536E-6 5.954113426784609E-6
 0.664043833967066 9.565794028991067E-9 2.7973567164678944E-7 4.166241831281262E-6 2.2675452364211364E-6 5.047924100887091E-8 2.927981181642553E-7 1.0469142602543392E-7 2.556568246453884E-6 3.008626832841298E-8
 0.2139537909633105 1.2587454182567894E-4 2.9984301419181616E-7 8.045573587369206E-6 2.48189304738341E-6 3.79464774209081E-7 1.7600500587194984E-7 6.120839177101214E-7 5.959348815761512E-7 1.4777316163920554E-7
 0.008802685293226253 3.8917999260875736E-7 1.2669878025447804E-7 1.029305181598484E-6 1.3820521427439311E-7 7.418751422478952E-8 1.1852147637918424E-6 4.313033494814275E-7 2.1259849746757112E-8 7.660815483982317E-8
 0.16234286641328943 1.985590345720269E-6 4.5236734509309974E-7 4.984540371174448E-7 4.5852741616134004E-7 9.027434605705997E-7 5.57855808287145E-7 4.542517440765793E-7 1.1571081315981427E-7 3.314189984678452E-7
 0.20511591439025156 2.7951634827886133E-6 2.23618796623596E-7 4.782340818246369E-6 4.68180616230871E-7 5.433993497975591E-8 0.004731266726456844 6.103789641505729E-7 6.251432428186214E-8 1.5777345391255348E-7
 0.7877501734078481 1.7948456763370575E-7 1.5086502903199806E-6 5.171884725556617E-7 2.0956711547829145E-7 7.935940219535449E-7 2.0265011525510258E-6 2.337812476383522E-6 1.8181872121758305E-6 5.507194945041943E-7
 0.013932465059790268 4.463578690058727E-7 3.0708626429808245E-5 1.269685757821666E-8 4.0786816662841827E-7 1.526346804018667E-6 1.5270160220433884E-7 1.0353276737493258E-6 3.509268561323124E-7 9.465352139513434E-8
 0.1731425066972855 2.139352313080017E-7 2.8963982424528157E-7 5.892583790661426E-7 1.020590045817963E-6 1.8983398690418814E-7 0.004738517678965151 5.186054960547227E-7 1.07716674599829E-6 1.333104349603137E-6
 0.9418779915706428 8.743029714346132E-7 1.9304853887823395E-6 4.2951192454001884E-7 1.1236185616577186E-7 2.2970646032221175E-6 6.70802270840083E-7 4.4017528474524516E-7 8.285378210980186E-6 1.6614404637473361E-6
