58.0 
48.0 
48.0 
39.3 
48.0 
60.0 
56.7 
51.3 
40.0 
48.7 
40.0 
44.0 
40.7 
40.7 
40.7 
40.7 
40.7 
54.0 
53.3 
43.3 
36.0 
45.3 
44.0 
44.7 
43.3 
43.3 
43.3 
43.3 
48.0 
48.0 
48.0 
48.0 
54.7 
54.7 
48.7 
48.7 
48.7 
48.0 
44.0 
44.0 
45.3 
45.3 
45.3 
50.7 
50.7 
50.7 
50.7 
50.7 
46.0 
46.0 
46.0 
45.3 
45.3 
45.3 
45.3 
45.3 
45.3 
45.3 
45.3 
43.3 
43.3 
43.3 
43.3 
43.3 
43.3 
43.3 
43.3 
38.0 
38.0 
38.0 
38.0 
38.0 
38.0 
38.0 
38.7 
38.7 
38.7 
38.7 
38.7 
38.7 
108s
57.3 
54.0 
56.0 
38.7 
34.0 
38.0 
40.0 
40.0 
22.0 
28.0 
28.0 
30.7 
30.0 
30.0 
30.0 
30.0 
36.7 
36.7 
36.7 
38.7 
38.7 
38.7 
37.3 
38.0 
38.0 
40.0 
40.0 
36.0 
36.0 
36.0 
36.0 
36.0 
40.0 
40.0 
40.0 
40.0 
40.0 
40.0 
40.0 
39.3 
39.3 
44.0 
44.0 
44.0 
44.0 
44.0 
43.3 
51.3 
51.3 
42.7 
42.7 
42.7 
42.7 
42.7 
42.0 
42.0 
42.0 
42.0 
36.0 
36.0 
38.7 
38.7 
46.7 
46.7 
44.0 
44.0 
44.0 
44.0 
48.0 
48.0 
48.0 
48.0 
48.0 
48.0 
48.0 
48.0 
48.0 
48.0 
48.0 
47.3 
57.3 
46.0 
52.0 
52.0 
51.3 
63.3 
63.3 
65.3 
57.3 
46.0 
46.0 
56.0 
56.0 
48.7 
48.7 
50.0 
51.3 
50.7 
52.0 
49.3 
52.0 
50.0 
48.7 
53.3 
53.3 
47.3 
47.3 
47.3 
47.3 
47.3 
47.3 
47.3 
51.3 
51.3 
51.3 
51.3 
51.3 
51.3 
51.3 
51.3 
51.3 
68.7 
68.0 
62.0 
62.0 
62.0 
62.0 
62.0 
62.7 
55.3 
52.7 
52.0 
52.0 
55.3 
54.7 
54.7 
54.7 
54.7 
52.7 
52.7 
52.7 
52.7 
52.7 
52.7 
52.7 
54.0 
54.0 
54.0 
54.0 
54.0 
54.0 
54.0 
54.0 
54.0 
54.0 
53.3 
53.3 
53.3 
55.3 
55.3 
Best overall 0.686667 
122s

